0
60
90
120
140
160
180
195
210
225
240
252
264
276
288
300
310
320
330
340
350
360
366
372
378
384
390
396
402
408
414
420
426
432
438
444
450
456
462
468
474
480
486
492
498
504
510
516
522
528
534
540
541.2
542.4
543.6
544.8
546
547.2
548.4
549.6
550.8
552
553.2
554.4
555.6
556.8
558
559.2
560.4
561.6
562.8
564
565.2
566.4
567.6
568.8
570
571.2
572.4
573.6
574.8
576
577.2
578.4
579.6
580.8
582
583.2
584.4
585.6
586.8
588
589.2
590.4
591.6
592.8
594
595.2
596.4
597.6
598.8
600
600.6
601.2
601.8
602.4
603
603.6
604.2
604.8
605.4
606
606.6
607.2
607.8
608.4
609
609.6
610.2
610.8
611.4
612
612.6
613.2
613.8
614.4
615
615.6
616.2
616.8
617.4
618
618.6
619.2
619.8
620.4
621
621.6
622.2
622.8
623.4
624
624.6
625.2
625.8
626.4
627
627.6
628.2
628.8
629.4
630
630.6
631.2
631.8
632.4
633
633.6
634.2
634.8
635.4
636
636.6
637.2
637.8
638.4
639
639.6
640.2
640.8
641.4
642
642.6
643.2
643.8
644.4
645
645.6
646.2
646.8
647.4
648
648.6
649.2
649.8
650.4
651
651.6
652.2
652.8
653.4
654
654.6
655.2
655.8
656.4
657
657.6
658.2
658.8
659.4
660
660.6
661.2
661.8
662.4
663
663.6
664.2
664.8
665.4
666
666.6
667.2
667.8
668.4
669
669.6
670.2
670.8
671.4
672
672.6
673.2
673.8
674.4
675
675.6
676.2
676.8
677.4
678
678.6
679.2
679.8
680.4
681
681.6
682.2
682.8
683.4
684
684.6
685.2
685.8
686.4
687
687.6
688.2
688.8
689.4
690
690.6
691.2
691.8
692.4
693
693.6
694.2
694.8
695.4
696
696.6
697.2
697.8
698.4
699
699.6
700.2
700.8
701.4
702
702.6
703.2
703.8
704.4
705
705.6
706.2
706.8
707.4
708
708.6
709.2
709.8
710.4
711
711.6
712.2
712.8
713.4
714
714.6
715.2
715.8
716.4
717
717.6
718.2
718.8
719.4
720
720.12
720.24
720.36
720.48
720.6
720.72
720.84
720.96
721.08
721.2
721.32
721.44
721.56
721.68
721.8
721.92
722.04
722.16
722.28
722.4
722.52
722.64
722.76
722.88
723
723.12
723.24
723.36
723.48
723.6
723.72
723.84
723.96
724.08
724.2
724.32
724.44
724.56
724.68
724.8
724.92
725.04
725.16
725.28
725.4
725.52
725.64
725.76
725.88
726
726.12
726.24
726.36
726.48
726.6
726.72
726.84
726.96
727.08
727.2
727.32
727.44
727.56
727.68
727.8
727.92
728.04
728.16
728.28
728.4
728.52
728.64
728.76
728.88
729
729.12
729.24
729.36
729.48
729.6
729.72
729.84
729.96
730.08
730.2
730.32
730.44
730.56
730.68
730.8
730.92
731.04
731.16
731.28
731.4
731.52
731.64
731.76
731.88
732
732.12
732.24
732.36
732.48
732.6
732.72
732.84
732.96
733.08
733.2
733.32
733.44
733.56
733.68
733.8
733.92
734.04
734.16
734.28
734.4
734.52
734.64
734.76
734.88
735
735.12
735.24
735.36
735.48
735.6
735.72
735.84
735.96
736.08
736.2
736.32
736.44
736.56
736.68
736.8
736.92
737.04
737.16
737.28
737.4
737.52
737.64
737.76
737.88
738
738.12
738.24
738.36
738.48
738.6
738.72
738.84
738.96
739.08
739.2
739.32
739.44
739.56
739.68
739.8
739.92
740.04
740.16
740.28
740.4
740.52
740.64
740.76
740.88
741
741.12
741.24
741.36
741.48
741.6
741.72
741.84
741.96
742.08
742.2
742.32
742.44
742.56
742.68
742.8
742.92
743.04
743.16
743.28
743.4
743.52
743.64
743.76
743.88
744
744.12
744.24
744.36
744.48
744.6
744.72
744.84
744.96
745.08
745.2
745.32
745.44
745.56
745.68
745.8
745.92
746.04
746.16
746.28
746.4
746.52
746.64
746.76
746.88
747
747.12
747.24
747.36
747.48
747.6
747.72
747.84
747.96
748.08
748.2
748.32
748.44
748.56
748.68
748.8
748.92
749.04
749.16
749.28
749.4
749.52
749.64
749.76
749.88
750
750.12
750.24
750.36
750.48
750.6
750.72
750.84
750.96
751.08
751.2
751.32
751.44
751.56
751.68
751.8
751.92
752.04
752.16
752.28
752.4
752.52
752.64
752.76
752.88
753
753.12
753.24
753.36
753.48
753.6
753.72
753.84
753.96
754.08
754.2
754.32
754.44
754.56
754.68
754.8
754.92
755.04
755.16
755.28
755.4
755.52
755.64
755.76
755.88
756
756.12
756.24
756.36
756.48
756.6
756.72
756.84
756.96
757.08
757.2
757.32
757.44
757.56
757.68
757.8
757.92
758.04
758.16
758.28
758.4
758.52
758.64
758.76
758.88
759
759.12
759.24
759.36
759.48
759.6
759.72
759.84
759.96
760.08
760.2
760.32
760.44
760.56
760.68
760.8
760.92
761.04
761.16
761.28
761.4
761.52
761.64
761.76
761.88
762
762.12
762.24
762.36
762.48
762.6
762.72
762.84
762.96
763.08
763.2
763.32
763.44
763.56
763.68
763.8
763.92
764.04
764.16
764.28
764.4
764.52
764.64
764.76
764.88
765
765.12
765.24
765.36
765.48
765.6
765.72
765.84
765.96
766.08
766.2
766.32
766.44
766.56
766.68
766.8
766.92
767.04
767.16
767.28
767.4
767.52
767.64
767.76
767.88
768
768.12
768.24
768.36
768.48
768.6
768.72
768.84
768.96
769.08
769.2
769.32
769.44
769.56
769.68
769.8
769.92
770.04
770.16
770.28
770.4
770.52
770.64
770.76
770.88
771
771.12
771.24
771.36
771.48
771.6
771.72
771.84
771.96
772.08
772.2
772.32
772.44
772.56
772.68
772.8
772.92
773.04
773.16
773.28
773.4
773.52
773.64
773.76
773.88
774
774.12
774.24
774.36
774.48
774.6
774.72
774.84
774.96
775.08
775.2
775.32
775.44
775.56
775.68
775.8
775.92
776.04
776.16
776.28
776.4
776.52
776.64
776.76
776.88
777
777.12
777.24
777.36
777.48
777.6
777.72
777.84
777.96
778.08
778.2
778.32
778.44
778.56
778.68
778.8
778.92
779.04
779.16
779.28
779.4
779.52
779.64
779.76
779.88
780
786
792
798
804
810
816
822
828
834
840
841.2
842.4
843.6
844.8
846
847.2
848.4
849.6
850.8
852
853.2
854.4
855.6
856.8
858
859.2
860.4
861.6
862.8
864
865.2
866.4
867.6
868.8
870
871.2
872.4
873.6
874.8
876
877.2
878.4
879.6
880.8
882
883.2
884.4
885.6
886.8
888
889.2
890.4
891.6
892.8
894
895.2
896.4
897.6
898.8
900
900.12
900.24
900.36
900.48
900.6
900.72
900.84
900.96
901.08
901.2
901.32
901.44
901.56
901.68
901.8
901.92
902.04
902.16
902.28
902.4
902.52
902.64
902.76
902.88
903
903.12
903.24
903.36
903.48
903.6
903.72
903.84
903.96
904.08
904.2
904.32
904.44
904.56
904.68
904.8
904.92
905.04
905.16
905.28
905.4
905.52
905.64
905.76
905.88
906
906.12
906.24
906.36
906.48
906.6
906.72
906.84
906.96
907.08
907.2
907.32
907.44
907.56
907.68
907.8
907.92
908.04
908.16
908.28
908.4
908.52
908.64
908.76
908.88
909
909.12
909.24
909.36
909.48
909.6
909.72
909.84
909.96
910.08
910.2
910.32
910.44
910.56
910.68
910.8
910.92
911.04
911.16
911.28
911.4
911.52
911.64
911.76
911.88
912
912.12
912.24
912.36
912.48
912.6
912.72
912.84
912.96
913.08
913.2
913.32
913.44
913.56
913.68
913.8
913.92
914.04
914.16
914.28
914.4
914.52
914.64
914.76
914.88
915
915.12
915.24
915.36
915.48
915.6
915.72
915.84
915.96
916.08
916.2
916.32
916.44
916.56
916.68
916.8
916.92
917.04
917.16
917.28
917.4
917.52
917.64
917.76
917.88
918
918.12
918.24
918.36
918.48
918.6
918.72
918.84
918.96
919.08
919.2
919.32
919.44
919.56
919.68
919.8
919.92
920.04
920.16
920.28
920.4
920.52
920.64
920.76
920.88
921
921.12
921.24
921.36
921.48
921.6
921.72
921.84
921.96
922.08
922.2
922.32
922.44
922.56
922.68
922.8
922.92
923.04
923.16
923.28
923.4
923.52
923.64
923.76
923.88
924
924.12
924.24
924.36
924.48
924.6
924.72
924.84
924.96
925.08
925.2
925.32
925.44
925.56
925.68
925.8
925.92
926.04
926.16
926.28
926.4
926.52
926.64
926.76
926.88
927
927.12
927.24
927.36
927.48
927.6
927.72
927.84
927.96
928.08
928.2
928.32
928.44
928.56
928.68
928.8
928.92
929.04
929.16
929.28
929.4
929.52
929.64
929.76
929.88
930
930.12
930.24
930.36
930.48
930.6
930.72
930.84
930.96
931.08
931.2
931.32
931.44
931.56
931.68
931.8
931.92
932.04
932.16
932.28
932.4
932.52
932.64
932.76
932.88
933
933.12
933.24
933.36
933.48
933.6
933.72
933.84
933.96
934.08
934.2
934.32
934.44
934.56
934.68
934.8
934.92
935.04
935.16
935.28
935.4
935.52
935.64
935.76
935.88
936
936.12
936.24
936.36
936.48
936.6
936.72
936.84
936.96
937.08
937.2
937.32
937.44
937.56
937.68
937.8
937.92
938.04
938.16
938.28
938.4
938.52
938.64
938.76
938.88
939
939.12
939.24
939.36
939.48
939.6
939.72
939.84
939.96
940.08
940.2
940.32
940.44
940.56
940.68
940.8
940.92
941.04
941.16
941.28
941.4
941.52
941.64
941.76
941.88
942
942.12
942.24
942.36
942.48
942.6
942.72
942.84
942.96
943.08
943.2
943.32
943.44
943.56
943.68
943.8
943.92
944.04
944.16
944.28
944.4
944.52
944.64
944.76
944.88
945
945.12
945.24
945.36
945.48
945.6
945.72
945.84
945.96
946.08
946.2
946.32
946.44
946.56
946.68
946.8
946.92
947.04
947.16
947.28
947.4
947.52
947.64
947.76
947.88
948
948.12
948.24
948.36
948.48
948.6
948.72
948.84
948.96
949.08
949.2
949.32
949.44
949.56
949.68
949.8
949.92
950.04
950.16
950.28
950.4
950.52
950.64
950.76
950.88
951
951.12
951.24
951.36
951.48
951.6
951.72
951.84
951.96
952.08
952.2
952.32
952.44
952.56
952.68
952.8
952.92
953.04
953.16
953.28
953.4
953.52
953.64
953.76
953.88
954
954.12
954.24
954.36
954.48
954.6
954.72
954.84
954.96
955.08
955.2
955.32
955.44
955.56
955.68
955.8
955.92
956.04
956.16
956.28
956.4
956.52
956.64
956.76
956.88
957
957.12
957.24
957.36
957.48
957.6
957.72
957.84
957.96
958.08
958.2
958.32
958.44
958.56
958.68
958.8
958.92
959.04
959.16
959.28
959.4
959.52
959.64
959.76
959.88
960
960.06
960.12
960.18
960.24
960.3
960.36
960.42
960.48
960.54
960.6
960.66
960.72
960.78
960.84
960.9
960.96
961.02
961.08
961.14
961.2
961.26
961.32
961.38
961.44
961.5
961.56
961.62
961.68
961.74
961.8
961.86
961.92
961.98
962.04
962.1
962.16
962.22
962.28
962.34
962.4
962.46
962.52
962.58
962.64
962.7
962.76
962.82
962.88
962.94
963
963.06
963.12
963.18
963.24
963.3
963.36
963.42
963.48
963.54
963.6
963.66
963.72
963.78
963.84
963.9
963.96
964.02
964.08
964.14
964.2
964.26
964.32
964.38
964.44
964.5
964.56
964.62
964.68
964.74
964.8
964.86
964.92
964.98
965.04
965.1
965.16
965.22
965.28
965.34
965.4
965.46
965.52
965.58
965.64
965.7
965.76
965.82
965.88
965.94
966
966.06
966.12
966.18
966.24
966.3
966.36
966.42
966.48
966.54
966.6
966.66
966.72
966.78
966.84
966.9
966.96
967.02
967.08
967.14
967.2
967.26
967.32
967.38
967.44
967.5
967.56
967.62
967.68
967.74
967.8
967.86
967.92
967.98
968.04
968.1
968.16
968.22
968.28
968.34
968.4
968.46
968.52
968.58
968.64
968.7
968.76
968.82
968.88
968.94
969
969.06
969.12
969.18
969.24
969.3
969.36
969.42
969.48
969.54
969.6
969.66
969.72
969.78
969.84
969.9
969.96
970.02
970.08
970.14
970.2
970.26
970.32
970.38
970.44
970.5
970.56
970.62
970.68
970.74
970.8
970.86
970.92
970.98
971.04
971.1
971.16
971.22
971.28
971.34
971.4
971.46
971.52
971.58
971.64
971.7
971.76
971.82
971.88
971.94
972
972.06
972.12
972.18
972.24
972.3
972.36
972.42
972.48
972.54
972.6
972.66
972.72
972.78
972.84
972.9
972.96
973.02
973.08
973.14
973.2
973.26
973.32
973.38
973.44
973.5
973.56
973.62
973.68
973.74
973.8
973.86
973.92
973.98
974.04
974.1
974.16
974.22
974.28
974.34
974.4
974.46
974.52
974.58
974.64
974.7
974.76
974.82
974.88
974.94
975
975.06
975.12
975.18
975.24
975.3
975.36
975.42
975.48
975.54
975.6
975.66
975.72
975.78
975.84
975.9
975.96
976.02
976.08
976.14
976.2
976.26
976.32
976.38
976.44
976.5
976.56
976.62
976.68
976.74
976.8
976.86
976.92
976.98
977.04
977.1
977.16
977.22
977.28
977.34
977.4
977.46
977.52
977.58
977.64
977.7
977.76
977.82
977.88
977.94
978
978.06
978.12
978.18
978.24
978.3
978.36
978.42
978.48
978.54
978.6
978.66
978.72
978.78
978.84
978.9
978.96
979.02
979.08
979.14
979.2
979.26
979.32
979.38
979.44
979.5
979.56
979.62
979.68
979.74
979.8
979.86
979.92
979.98
980.04
980.1
980.16
980.22
980.28
980.34
980.4
980.46
980.52
980.58
980.64
980.7
980.76
980.82
980.88
980.94
981
981.06
981.12
981.18
981.24
981.3
981.36
981.42
981.48
981.54
981.6
981.66
981.72
981.78
981.84
981.9
981.96
982.02
982.08
982.14
982.2
982.26
982.32
982.38
982.44
982.5
982.56
982.62
982.68
982.74
982.8
982.86
982.92
982.98
983.04
983.1
983.16
983.22
983.28
983.34
983.4
983.46
983.52
983.58
983.64
983.7
983.76
983.82
983.88
983.94
984
984.06
984.12
984.18
984.24
984.3
984.36
984.42
984.48
984.54
984.6
984.66
984.72
984.78
984.84
984.9
984.96
985.02
985.08
985.14
985.2
985.26
985.32
985.38
985.44
985.5
985.56
985.62
985.68
985.74
985.8
985.86
985.92
985.98
986.04
986.1
986.16
986.22
986.28
986.34
986.4
986.46
986.52
986.58
986.64
986.7
986.76
986.82
986.88
986.94
987
987.06
987.12
987.18
987.24
987.3
987.36
987.42
987.48
987.54
987.6
987.66
987.72
987.78
987.84
987.9
987.96
988.02
988.08
988.14
988.2
988.26
988.32
988.38
988.44
988.5
988.56
988.62
988.68
988.74
988.8
988.86
988.92
988.98
989.04
989.1
989.16
989.22
989.28
989.34
989.4
989.46
989.52
989.58
989.64
989.7
989.76
989.82
989.88
989.94
990
990.06
990.12
990.18
990.24
990.3
990.36
990.42
990.48
990.54
990.6
990.66
990.72
990.78
990.84
990.9
990.96
991.02
991.08
991.14
991.2
991.26
991.32
991.38
991.44
991.5
991.56
991.62
991.68
991.74
991.8
991.86
991.92
991.98
992.04
992.1
992.16
992.22
992.28
992.34
992.4
992.46
992.52
992.58
992.64
992.7
992.76
992.82
992.88
992.94
993
993.06
993.12
993.18
993.24
993.3
993.36
993.42
993.48
993.54
993.6
993.66
993.72
993.78
993.84
993.9
993.96
994.02
994.08
994.14
994.2
994.26
994.32
994.38
994.44
994.5
994.56
994.62
994.68
994.74
994.8
994.86
994.92
994.98
995.04
995.1
995.16
995.22
995.28
995.34
995.4
995.46
995.52
995.58
995.64
995.7
995.76
995.82
995.88
995.94
996
996.06
996.12
996.18
996.24
996.3
996.36
996.42
996.48
996.54
996.6
996.66
996.72
996.78
996.84
996.9
996.96
997.02
997.08
997.14
997.2
997.26
997.32
997.38
997.44
997.5
997.56
997.62
997.68
997.74
997.8
997.86
997.92
997.98
998.04
998.1
998.16
998.22
998.28
998.34
998.4
998.46
998.52
998.58
998.64
998.7
998.76
998.82
998.88
998.94
999
999.06
999.12
999.18
999.24
999.3
999.36
999.42
999.48
999.54
999.6
999.66
999.72
999.78
999.84
999.9
999.96
1000.02
1000.08
1000.14
1000.2
1000.26
1000.32
1000.38
1000.44
1000.5
1000.56
1000.62
1000.68
1000.74
1000.8
1000.86
1000.92
1000.98
1001.04
1001.1
1001.16
1001.22
1001.28
1001.34
1001.4
1001.46
1001.52
1001.58
1001.64
1001.7
1001.76
1001.82
1001.88
1001.94
1002
1002.06
1002.12
1002.18
1002.24
1002.3
1002.36
1002.42
1002.48
1002.54
1002.6
1002.66
1002.72
1002.78
1002.84
1002.9
1002.96
1003.02
1003.08
1003.14
1003.2
1003.26
1003.32
1003.38
1003.44
1003.5
1003.56
1003.62
1003.68
1003.74
1003.8
1003.86
1003.92
1003.98
1004.04
1004.1
1004.16
1004.22
1004.28
1004.34
1004.4
1004.46
1004.52
1004.58
1004.64
1004.7
1004.76
1004.82
1004.88
1004.94
1005
1005.06
1005.12
1005.18
1005.24
1005.3
1005.36
1005.42
1005.48
1005.54
1005.6
1005.66
1005.72
1005.78
1005.84
1005.9
1005.96
1006.02
1006.08
1006.14
1006.2
1006.26
1006.32
1006.38
1006.44
1006.5
1006.56
1006.62
1006.68
1006.74
1006.8
1006.86
1006.92
1006.98
1007.04
1007.1
1007.16
1007.22
1007.28
1007.34
1007.4
1007.46
1007.52
1007.58
1007.64
1007.7
1007.76
1007.82
1007.88
1007.94
1008
1008.06
1008.12
1008.18
1008.24
1008.3
1008.36
1008.42
1008.48
1008.54
1008.6
1008.66
1008.72
1008.78
1008.84
1008.9
1008.96
1009.02
1009.08
1009.14
1009.2
1009.26
1009.32
1009.38
1009.44
1009.5
1009.56
1009.62
1009.68
1009.74
1009.8
1009.86
1009.92
1009.98
1010.04
1010.1
1010.16
1010.22
1010.28
1010.34
1010.4
1010.46
1010.52
1010.58
1010.64
1010.7
1010.76
1010.82
1010.88
1010.94
1011
1011.06
1011.12
1011.18
1011.24
1011.3
1011.36
1011.42
1011.48
1011.54
1011.6
1011.66
1011.72
1011.78
1011.84
1011.9
1011.96
1012.02
1012.08
1012.14
1012.2
1012.26
1012.32
1012.38
1012.44
1012.5
1012.56
1012.62
1012.68
1012.74
1012.8
1012.86
1012.92
1012.98
1013.04
1013.1
1013.16
1013.22
1013.28
1013.34
1013.4
1013.46
1013.52
1013.58
1013.64
1013.7
1013.76
1013.82
1013.88
1013.94
1014
1014.06
1014.12
1014.18
1014.24
1014.3
1014.36
1014.42
1014.48
1014.54
1014.6
1014.66
1014.72
1014.78
1014.84
1014.9
1014.96
1015.02
1015.08
1015.14
1015.2
1015.26
1015.32
1015.38
1015.44
1015.5
1015.56
1015.62
1015.68
1015.74
1015.8
1015.86
1015.92
1015.98
1016.04
1016.1
1016.16
1016.22
1016.28
1016.34
1016.4
1016.46
1016.52
1016.58
1016.64
1016.7
1016.76
1016.82
1016.88
1016.94
1017
1017.06
1017.12
1017.18
1017.24
1017.3
1017.36
1017.42
1017.48
1017.54
1017.6
1017.66
1017.72
1017.78
1017.84
1017.9
1017.96
1018.02
1018.08
1018.14
1018.2
1018.26
1018.32
1018.38
1018.44
1018.5
1018.56
1018.62
1018.68
1018.74
1018.8
1018.86
1018.92
1018.98
1019.04
1019.1
1019.16
1019.22
1019.28
1019.34
1019.4
1019.46
1019.52
1019.58
1019.64
1019.7
1019.76
1019.82
1019.88
1019.94
1020
1020.06
1020.12
1020.18
1020.24
1020.3
1020.36
1020.42
1020.48
1020.54
1020.6
1020.66
1020.72
1020.78
1020.84
1020.9
1020.96
1021.02
1021.08
1021.14
1021.2
1021.26
1021.32
1021.38
1021.44
1021.5
1021.56
1021.62
1021.68
1021.74
1021.8
1021.86
1021.92
1021.98
1022.04
1022.1
1022.16
1022.22
1022.28
1022.34
1022.4
1022.46
1022.52
1022.58
1022.64
1022.7
1022.76
1022.82
1022.88
1022.94
1023
1023.06
1023.12
1023.18
1023.24
1023.3
1023.36
1023.42
1023.48
1023.54
1023.6
1023.66
1023.72
1023.78
1023.84
1023.9
1023.96
1024.02
1024.08
1024.14
1024.2
1024.26
1024.32
1024.38
1024.44
1024.5
1024.56
1024.62
1024.68
1024.74
1024.8
1024.86
1024.92
1024.98
1025.04
1025.1
1025.16
1025.22
1025.28
1025.34
1025.4
1025.46
1025.52
1025.58
1025.64
1025.7
1025.76
1025.82
1025.88
1025.94
1026
1026.06
1026.12
1026.18
1026.24
1026.3
1026.36
1026.42
1026.48
1026.54
1026.6
1026.66
1026.72
1026.78
1026.84
1026.9
1026.96
1027.02
1027.08
1027.14
1027.2
1027.26
1027.32
1027.38
1027.44
1027.5
1027.56
1027.62
1027.68
1027.74
1027.8
1027.86
1027.92
1027.98
1028.04
1028.1
1028.16
1028.22
1028.28
1028.34
1028.4
1028.46
1028.52
1028.58
1028.64
1028.7
1028.76
1028.82
1028.88
1028.94
1029
1029.06
1029.12
1029.18
1029.24
1029.3
1029.36
1029.42
1029.48
1029.54
1029.6
1029.66
1029.72
1029.78
1029.84
1029.9
1029.96
1030.02
1030.08
1030.14
1030.2
1030.26
1030.32
1030.38
1030.44
1030.5
1030.56
1030.62
1030.68
1030.74
1030.8
1030.86
1030.92
1030.98
1031.04
1031.1
1031.16
1031.22
1031.28
1031.34
1031.4
1031.46
1031.52
1031.58
1031.64
1031.7
1031.76
1031.82
1031.88
1031.94
1032
1032.06
1032.12
1032.18
1032.24
1032.3
1032.36
1032.42
1032.48
1032.54
1032.6
1032.66
1032.72
1032.78
1032.84
1032.9
1032.96
1033.02
1033.08
1033.14
1033.2
1033.26
1033.32
1033.38
1033.44
1033.5
1033.56
1033.62
1033.68
1033.74
1033.8
1033.86
1033.92
1033.98
1034.04
1034.1
1034.16
1034.22
1034.28
1034.34
1034.4
1034.46
1034.52
1034.58
1034.64
1034.7
1034.76
1034.82
1034.88
1034.94
1035
1035.06
1035.12
1035.18
1035.24
1035.3
1035.36
1035.42
1035.48
1035.54
1035.6
1035.66
1035.72
1035.78
1035.84
1035.9
1035.96
1036.02
1036.08
1036.14
1036.2
1036.26
1036.32
1036.38
1036.44
1036.5
1036.56
1036.62
1036.68
1036.74
1036.8
1036.86
1036.92
1036.98
1037.04
1037.1
1037.16
1037.22
1037.28
1037.34
1037.4
1037.46
1037.52
1037.58
1037.64
1037.7
1037.76
1037.82
1037.88
1037.94
1038
1038.06
1038.12
1038.18
1038.24
1038.3
1038.36
1038.42
1038.48
1038.54
1038.6
1038.66
1038.72
1038.78
1038.84
1038.9
1038.96
1039.02
1039.08
1039.14
1039.2
1039.26
1039.32
1039.38
1039.44
1039.5
1039.56
1039.62
1039.68
1039.74
1039.8
1039.86
1039.92
1039.98
1040.04
1040.1
1040.16
1040.22
1040.28
1040.34
1040.4
1040.46
1040.52
1040.58
1040.64
1040.7
1040.76
1040.82
1040.88
1040.94
1041
1041.06
1041.12
1041.18
1041.24
1041.3
1041.36
1041.42
1041.48
1041.54
1041.6
1041.66
1041.72
1041.78
1041.84
1041.9
1041.96
1042.02
1042.08
1042.14
1042.2
1042.26
1042.32
1042.38
1042.44
1042.5
1042.56
1042.62
1042.68
1042.74
1042.8
1042.86
1042.92
1042.98
1043.04
1043.1
1043.16
1043.22
1043.28
1043.34
1043.4
1043.46
1043.52
1043.58
1043.64
1043.7
1043.76
1043.82
1043.88
1043.94
1044
1044.06
1044.12
1044.18
1044.24
1044.3
1044.36
1044.42
1044.48
1044.54
1044.6
1044.66
1044.72
1044.78
1044.84
1044.9
1044.96
1045.02
1045.08
1045.14
1045.2
1045.26
1045.32
1045.38
1045.44
1045.5
1045.56
1045.62
1045.68
1045.74
1045.8
1045.86
1045.92
1045.98
1046.04
1046.1
1046.16
1046.22
1046.28
1046.34
1046.4
1046.46
1046.52
1046.58
1046.64
1046.7
1046.76
1046.82
1046.88
1046.94
1047
1047.06
1047.12
1047.18
1047.24
1047.3
1047.36
1047.42
1047.48
1047.54
1047.6
1047.66
1047.72
1047.78
1047.84
1047.9
1047.96
1048.02
1048.08
1048.14
1048.2
1048.26
1048.32
1048.38
1048.44
1048.5
1048.56
1048.62
1048.68
1048.74
1048.8
1048.86
1048.92
1048.98
1049.04
1049.1
1049.16
1049.22
1049.28
1049.34
1049.4
1049.46
1049.52
1049.58
1049.64
1049.7
1049.76
1049.82
1049.88
1049.94
1050
1050.06
1050.12
1050.18
1050.24
1050.3
1050.36
1050.42
1050.48
1050.54
1050.6
1050.66
1050.72
1050.78
1050.84
1050.9
1050.96
1051.02
1051.08
1051.14
1051.2
1051.26
1051.32
1051.38
1051.44
1051.5
1051.56
1051.62
1051.68
1051.74
1051.8
1051.86
1051.92
1051.98
1052.04
1052.1
1052.16
1052.22
1052.28
1052.34
1052.4
1052.46
1052.52
1052.58
1052.64
1052.7
1052.76
1052.82
1052.88
1052.94
1053
1053.06
1053.12
1053.18
1053.24
1053.3
1053.36
1053.42
1053.48
1053.54
1053.6
1053.66
1053.72
1053.78
1053.84
1053.9
1053.96
1054.02
1054.08
1054.14
1054.2
1054.26
1054.32
1054.38
1054.44
1054.5
1054.56
1054.62
1054.68
1054.74
1054.8
1054.86
1054.92
1054.98
1055.04
1055.1
1055.16
1055.22
1055.28
1055.34
1055.4
1055.46
1055.52
1055.58
1055.64
1055.7
1055.76
1055.82
1055.88
1055.94
1056
1056.06
1056.12
1056.18
1056.24
1056.3
1056.36
1056.42
1056.48
1056.54
1056.6
1056.66
1056.72
1056.78
1056.84
1056.9
1056.96
1057.02
1057.08
1057.14
1057.2
1057.26
1057.32
1057.38
1057.44
1057.5
1057.56
1057.62
1057.68
1057.74
1057.8
1057.86
1057.92
1057.98
1058.04
1058.1
1058.16
1058.22
1058.28
1058.34
1058.4
1058.46
1058.52
1058.58
1058.64
1058.7
1058.76
1058.82
1058.88
1058.94
1059
1059.06
1059.12
1059.18
1059.24
1059.3
1059.36
1059.42
1059.48
1059.54
1059.6
1059.66
1059.72
1059.78
1059.84
1059.9
1059.96
1060.02
1060.08
1060.14
1060.2
1060.26
1060.32
1060.38
1060.44
1060.5
1060.56
1060.62
1060.68
1060.74
1060.8
1060.86
1060.92
1060.98
1061.04
1061.1
1061.16
1061.22
1061.28
1061.34
1061.4
1061.46
1061.52
1061.58
1061.64
1061.7
1061.76
1061.82
1061.88
1061.94
1062
1062.06
1062.12
1062.18
1062.24
1062.3
1062.36
1062.42
1062.48
1062.54
1062.6
1062.66
1062.72
1062.78
1062.84
1062.9
1062.96
1063.02
1063.08
1063.14
1063.2
1063.26
1063.32
1063.38
1063.44
1063.5
1063.56
1063.62
1063.68
1063.74
1063.8
1063.86
1063.92
1063.98
1064.04
1064.1
1064.16
1064.22
1064.28
1064.34
1064.4
1064.46
1064.52
1064.58
1064.64
1064.7
1064.76
1064.82
1064.88
1064.94
1065
1065.06
1065.12
1065.18
1065.24
1065.3
1065.36
1065.42
1065.48
1065.54
1065.6
1065.66
1065.72
1065.78
1065.84
1065.9
1065.96
1066.02
1066.08
1066.14
1066.2
1066.26
1066.32
1066.38
1066.44
1066.5
1066.56
1066.62
1066.68
1066.74
1066.8
1066.86
1066.92
1066.98
1067.04
1067.1
1067.16
1067.22
1067.28
1067.34
1067.4
1067.46
1067.52
1067.58
1067.64
1067.7
1067.76
1067.82
1067.88
1067.94
1068
1068.06
1068.12
1068.18
1068.24
1068.3
1068.36
1068.42
1068.48
1068.54
1068.6
1068.66
1068.72
1068.78
1068.84
1068.9
1068.96
1069.02
1069.08
1069.14
1069.2
1069.26
1069.32
1069.38
1069.44
1069.5
1069.56
1069.62
1069.68
1069.74
1069.8
1069.86
1069.92
1069.98
1070.04
1070.1
1070.16
1070.22
1070.28
1070.34
1070.4
1070.46
1070.52
1070.58
1070.64
1070.7
1070.76
1070.82
1070.88
1070.94
1071
1071.06
1071.12
1071.18
1071.24
1071.3
1071.36
1071.42
1071.48
1071.54
1071.6
1071.66
1071.72
1071.78
1071.84
1071.9
1071.96
1072.02
1072.08
1072.14
1072.2
1072.26
1072.32
1072.38
1072.44
1072.5
1072.56
1072.62
1072.68
1072.74
1072.8
1072.86
1072.92
1072.98
1073.04
1073.1
1073.16
1073.22
1073.28
1073.34
1073.4
1073.46
1073.52
1073.58
1073.64
1073.7
1073.76
1073.82
1073.88
1073.94
1074
1074.06
1074.12
1074.18
1074.24
1074.3
1074.36
1074.42
1074.48
1074.54
1074.6
1074.66
1074.72
1074.78
1074.84
1074.9
1074.96
1075.02
1075.08
1075.14
1075.2
1075.26
1075.32
1075.38
1075.44
1075.5
1075.56
1075.62
1075.68
1075.74
1075.8
1075.86
1075.92
1075.98
1076.04
1076.1
1076.16
1076.22
1076.28
1076.34
1076.4
1076.46
1076.52
1076.58
1076.64
1076.7
1076.76
1076.82
1076.88
1076.94
1077
1077.06
1077.12
1077.18
1077.24
1077.3
1077.36
1077.42
1077.48
1077.54
1077.6
1077.66
1077.72
1077.78
1077.84
1077.9
1077.96
1078.02
1078.08
1078.14
1078.2
1078.26
1078.32
1078.38
1078.44
1078.5
1078.56
1078.62
1078.68
1078.74
1078.8
1078.86
1078.92
1078.98
1079.04
1079.1
1079.16
1079.22
1079.28
1079.34
1079.4
1079.46
1079.52
1079.58
1079.64
1079.7
1079.76
1079.82
1079.88
1079.94
1080
1080.3
1080.6
1080.9
1081.2
1081.5
1081.8
1082.1
1082.4
1082.7
1083
1083.3
1083.6
1083.9
1084.2
1084.5
1084.8
1085.1
1085.4
1085.7
1086
1086.3
1086.6
1086.9
1087.2
1087.5
1087.8
1088.1
1088.4
1088.7
1089
1089.3
1089.6
1089.9
1090.2
1090.5
1090.8
1091.1
1091.4
1091.7
1092
1092.3
1092.6
1092.9
1093.2
1093.5
1093.8
1094.1
1094.4
1094.7
1095
1095.3
1095.6
1095.9
1096.2
1096.5
1096.8
1097.1
1097.4
1097.7
1098
1098.3
1098.6
1098.9
1099.2
1099.5
1099.8
1100.1
1100.4
1100.7
1101
1101.3
1101.6
1101.9
1102.2
1102.5
1102.8
1103.1
1103.4
1103.7
1104
1104.3
1104.6
1104.9
1105.2
1105.5
1105.8
1106.1
1106.4
1106.7
1107
1107.3
1107.6
1107.9
1108.2
1108.5
1108.8
1109.1
1109.4
1109.7
1110
1110.3
1110.6
1110.9
1111.2
1111.5
1111.8
1112.1
1112.4
1112.7
1113
1113.3
1113.6
1113.9
1114.2
1114.5
1114.8
1115.1
1115.4
1115.7
1116
1116.3
1116.6
1116.9
1117.2
1117.5
1117.8
1118.1
1118.4
1118.7
1119
1119.3
1119.6
1119.9
1120.2
1120.5
1120.8
1121.1
1121.4
1121.7
1122
1122.3
1122.6
1122.9
1123.2
1123.5
1123.8
1124.1
1124.4
1124.7
1125
1125.3
1125.6
1125.9
1126.2
1126.5
1126.8
1127.1
1127.4
1127.7
1128
1128.3
1128.6
1128.9
1129.2
1129.5
1129.8
1130.1
1130.4
1130.7
1131
1131.3
1131.6
1131.9
1132.2
1132.5
1132.8
1133.1
1133.4
1133.7
1134
1134.3
1134.6
1134.9
1135.2
1135.5
1135.8
1136.1
1136.4
1136.7
1137
1137.3
1137.6
1137.9
1138.2
1138.5
1138.8
1139.1
1139.4
1139.7
1140
1140.6
1141.2
1141.8
1142.4
1143
1143.6
1144.2
1144.8
1145.4
1146
1146.6
1147.2
1147.8
1148.4
1149
1149.6
1150.2
1150.8
1151.4
1152
1152.6
1153.2
1153.8
1154.4
1155
1155.6
1156.2
1156.8
1157.4
1158
1158.6
1159.2
1159.8
1160.4
1161
1161.6
1162.2
1162.8
1163.4
1164
1164.6
1165.2
1165.8
1166.4
1167
1167.6
1168.2
1168.8
1169.4
1170
1170.6
1171.2
1171.8
1172.4
1173
1173.6
1174.2
1174.8
1175.4
1176
1176.6
1177.2
1177.8
1178.4
1179
1179.6
1180.2
1180.8
1181.4
1182
1182.6
1183.2
1183.8
1184.4
1185
1185.6
1186.2
1186.8
1187.4
1188
1188.6
1189.2
1189.8
1190.4
1191
1191.6
1192.2
1192.8
1193.4
1194
1194.6
1195.2
1195.8
1196.4
1197
1197.6
1198.2
1198.8
1199.4
1200
1215
1230
1245
1260
1280
1300
1320
1350
1380
1440