0
30
60
80
100
120
135
150
165
180
192
204
216
228
240
250
260
270
280
290
300
306
312
318
324
330
336
342
348
354
360
360.6
361.2
361.8
362.4
363
363.6
364.2
364.8
365.4
366
366.6
367.2
367.8
368.4
369
369.6
370.2
370.8
371.4
372
372.6
373.2
373.8
374.4
375
375.6
376.2
376.8
377.4
378
378.6
379.2
379.8
380.4
381
381.6
382.2
382.8
383.4
384
384.6
385.2
385.8
386.4
387
387.6
388.2
388.8
389.4
390
390.6
391.2
391.8
392.4
393
393.6
394.2
394.8
395.4
396
396.6
397.2
397.8
398.4
399
399.6
400.2
400.8
401.4
402
402.6
403.2
403.8
404.4
405
405.6
406.2
406.8
407.4
408
408.6
409.2
409.8
410.4
411
411.6
412.2
412.8
413.4
414
414.6
415.2
415.8
416.4
417
417.6
418.2
418.8
419.4
420
420.12
420.24
420.36
420.48
420.6
420.72
420.84
420.96
421.08
421.2
421.32
421.44
421.56
421.68
421.8
421.92
422.04
422.16
422.28
422.4
422.52
422.64
422.76
422.88
423
423.12
423.24
423.36
423.48
423.6
423.72
423.84
423.96
424.08
424.2
424.32
424.44
424.56
424.68
424.8
424.92
425.04
425.16
425.28
425.4
425.52
425.64
425.76
425.88
426
426.12
426.24
426.36
426.48
426.6
426.72
426.84
426.96
427.08
427.2
427.32
427.44
427.56
427.68
427.8
427.92
428.04
428.16
428.28
428.4
428.52
428.64
428.76
428.88
429
429.12
429.24
429.36
429.48
429.6
429.72
429.84
429.96
430.08
430.2
430.32
430.44
430.56
430.68
430.8
430.92
431.04
431.16
431.28
431.4
431.52
431.64
431.76
431.88
432
432.12
432.24
432.36
432.48
432.6
432.72
432.84
432.96
433.08
433.2
433.32
433.44
433.56
433.68
433.8
433.92
434.04
434.16
434.28
434.4
434.52
434.64
434.76
434.88
435
435.12
435.24
435.36
435.48
435.6
435.72
435.84
435.96
436.08
436.2
436.32
436.44
436.56
436.68
436.8
436.92
437.04
437.16
437.28
437.4
437.52
437.64
437.76
437.88
438
438.12
438.24
438.36
438.48
438.6
438.72
438.84
438.96
439.08
439.2
439.32
439.44
439.56
439.68
439.8
439.92
440.04
440.16
440.28
440.4
440.52
440.64
440.76
440.88
441
441.12
441.24
441.36
441.48
441.6
441.72
441.84
441.96
442.08
442.2
442.32
442.44
442.56
442.68
442.8
442.92
443.04
443.16
443.28
443.4
443.52
443.64
443.76
443.88
444
444.12
444.24
444.36
444.48
444.6
444.72
444.84
444.96
445.08
445.2
445.32
445.44
445.56
445.68
445.8
445.92
446.04
446.16
446.28
446.4
446.52
446.64
446.76
446.88
447
447.12
447.24
447.36
447.48
447.6
447.72
447.84
447.96
448.08
448.2
448.32
448.44
448.56
448.68
448.8
448.92
449.04
449.16
449.28
449.4
449.52
449.64
449.76
449.88
450
450.12
450.24
450.36
450.48
450.6
450.72
450.84
450.96
451.08
451.2
451.32
451.44
451.56
451.68
451.8
451.92
452.04
452.16
452.28
452.4
452.52
452.64
452.76
452.88
453
453.12
453.24
453.36
453.48
453.6
453.72
453.84
453.96
454.08
454.2
454.32
454.44
454.56
454.68
454.8
454.92
455.04
455.16
455.28
455.4
455.52
455.64
455.76
455.88
456
456.12
456.24
456.36
456.48
456.6
456.72
456.84
456.96
457.08
457.2
457.32
457.44
457.56
457.68
457.8
457.92
458.04
458.16
458.28
458.4
458.52
458.64
458.76
458.88
459
459.12
459.24
459.36
459.48
459.6
459.72
459.84
459.96
460.08
460.2
460.32
460.44
460.56
460.68
460.8
460.92
461.04
461.16
461.28
461.4
461.52
461.64
461.76
461.88
462
462.12
462.24
462.36
462.48
462.6
462.72
462.84
462.96
463.08
463.2
463.32
463.44
463.56
463.68
463.8
463.92
464.04
464.16
464.28
464.4
464.52
464.64
464.76
464.88
465
465.12
465.24
465.36
465.48
465.6
465.72
465.84
465.96
466.08
466.2
466.32
466.44
466.56
466.68
466.8
466.92
467.04
467.16
467.28
467.4
467.52
467.64
467.76
467.88
468
468.12
468.24
468.36
468.48
468.6
468.72
468.84
468.96
469.08
469.2
469.32
469.44
469.56
469.68
469.8
469.92
470.04
470.16
470.28
470.4
470.52
470.64
470.76
470.88
471
471.12
471.24
471.36
471.48
471.6
471.72
471.84
471.96
472.08
472.2
472.32
472.44
472.56
472.68
472.8
472.92
473.04
473.16
473.28
473.4
473.52
473.64
473.76
473.88
474
474.12
474.24
474.36
474.48
474.6
474.72
474.84
474.96
475.08
475.2
475.32
475.44
475.56
475.68
475.8
475.92
476.04
476.16
476.28
476.4
476.52
476.64
476.76
476.88
477
477.12
477.24
477.36
477.48
477.6
477.72
477.84
477.96
478.08
478.2
478.32
478.44
478.56
478.68
478.8
478.92
479.04
479.16
479.28
479.4
479.52
479.64
479.76
479.88
480
480.06
480.12
480.18
480.24
480.3
480.36
480.42
480.48
480.54
480.6
480.66
480.72
480.78
480.84
480.9
480.96
481.02
481.08
481.14
481.2
481.26
481.32
481.38
481.44
481.5
481.56
481.62
481.68
481.74
481.8
481.86
481.92
481.98
482.04
482.1
482.16
482.22
482.28
482.34
482.4
482.46
482.52
482.58
482.64
482.7
482.76
482.82
482.88
482.94
483
483.06
483.12
483.18
483.24
483.3
483.36
483.42
483.48
483.54
483.6
483.66
483.72
483.78
483.84
483.9
483.96
484.02
484.08
484.14
484.2
484.26
484.32
484.38
484.44
484.5
484.56
484.62
484.68
484.74
484.8
484.86
484.92
484.98
485.04
485.1
485.16
485.22
485.28
485.34
485.4
485.46
485.52
485.58
485.64
485.7
485.76
485.82
485.88
485.94
486
486.06
486.12
486.18
486.24
486.3
486.36
486.42
486.48
486.54
486.6
486.66
486.72
486.78
486.84
486.9
486.96
487.02
487.08
487.14
487.2
487.26
487.32
487.38
487.44
487.5
487.56
487.62
487.68
487.74
487.8
487.86
487.92
487.98
488.04
488.1
488.16
488.22
488.28
488.34
488.4
488.46
488.52
488.58
488.64
488.7
488.76
488.82
488.88
488.94
489
489.06
489.12
489.18
489.24
489.3
489.36
489.42
489.48
489.54
489.6
489.66
489.72
489.78
489.84
489.9
489.96
490.02
490.08
490.14
490.2
490.26
490.32
490.38
490.44
490.5
490.56
490.62
490.68
490.74
490.8
490.86
490.92
490.98
491.04
491.1
491.16
491.22
491.28
491.34
491.4
491.46
491.52
491.58
491.64
491.7
491.76
491.82
491.88
491.94
492
492.06
492.12
492.18
492.24
492.3
492.36
492.42
492.48
492.54
492.6
492.66
492.72
492.78
492.84
492.9
492.96
493.02
493.08
493.14
493.2
493.26
493.32
493.38
493.44
493.5
493.56
493.62
493.68
493.74
493.8
493.86
493.92
493.98
494.04
494.1
494.16
494.22
494.28
494.34
494.4
494.46
494.52
494.58
494.64
494.7
494.76
494.82
494.88
494.94
495
495.06
495.12
495.18
495.24
495.3
495.36
495.42
495.48
495.54
495.6
495.66
495.72
495.78
495.84
495.9
495.96
496.02
496.08
496.14
496.2
496.26
496.32
496.38
496.44
496.5
496.56
496.62
496.68
496.74
496.8
496.86
496.92
496.98
497.04
497.1
497.16
497.22
497.28
497.34
497.4
497.46
497.52
497.58
497.64
497.7
497.76
497.82
497.88
497.94
498
498.06
498.12
498.18
498.24
498.3
498.36
498.42
498.48
498.54
498.6
498.66
498.72
498.78
498.84
498.9
498.96
499.02
499.08
499.14
499.2
499.26
499.32
499.38
499.44
499.5
499.56
499.62
499.68
499.74
499.8
499.86
499.92
499.98
500.04
500.1
500.16
500.22
500.28
500.34
500.4
500.46
500.52
500.58
500.64
500.7
500.76
500.82
500.88
500.94
501
501.06
501.12
501.18
501.24
501.3
501.36
501.42
501.48
501.54
501.6
501.66
501.72
501.78
501.84
501.9
501.96
502.02
502.08
502.14
502.2
502.26
502.32
502.38
502.44
502.5
502.56
502.62
502.68
502.74
502.8
502.86
502.92
502.98
503.04
503.1
503.16
503.22
503.28
503.34
503.4
503.46
503.52
503.58
503.64
503.7
503.76
503.82
503.88
503.94
504
504.06
504.12
504.18
504.24
504.3
504.36
504.42
504.48
504.54
504.6
504.66
504.72
504.78
504.84
504.9
504.96
505.02
505.08
505.14
505.2
505.26
505.32
505.38
505.44
505.5
505.56
505.62
505.68
505.74
505.8
505.86
505.92
505.98
506.04
506.1
506.16
506.22
506.28
506.34
506.4
506.46
506.52
506.58
506.64
506.7
506.76
506.82
506.88
506.94
507
507.06
507.12
507.18
507.24
507.3
507.36
507.42
507.48
507.54
507.6
507.66
507.72
507.78
507.84
507.9
507.96
508.02
508.08
508.14
508.2
508.26
508.32
508.38
508.44
508.5
508.56
508.62
508.68
508.74
508.8
508.86
508.92
508.98
509.04
509.1
509.16
509.22
509.28
509.34
509.4
509.46
509.52
509.58
509.64
509.7
509.76
509.82
509.88
509.94
510
510.06
510.12
510.18
510.24
510.3
510.36
510.42
510.48
510.54
510.6
510.66
510.72
510.78
510.84
510.9
510.96
511.02
511.08
511.14
511.2
511.26
511.32
511.38
511.44
511.5
511.56
511.62
511.68
511.74
511.8
511.86
511.92
511.98
512.04
512.1
512.16
512.22
512.28
512.34
512.4
512.46
512.52
512.58
512.64
512.7
512.76
512.82
512.88
512.94
513
513.06
513.12
513.18
513.24
513.3
513.36
513.42
513.48
513.54
513.6
513.66
513.72
513.78
513.84
513.9
513.96
514.02
514.08
514.14
514.2
514.26
514.32
514.38
514.44
514.5
514.56
514.62
514.68
514.74
514.8
514.86
514.92
514.98
515.04
515.1
515.16
515.22
515.28
515.34
515.4
515.46
515.52
515.58
515.64
515.7
515.76
515.82
515.88
515.94
516
516.06
516.12
516.18
516.24
516.3
516.36
516.42
516.48
516.54
516.6
516.66
516.72
516.78
516.84
516.9
516.96
517.02
517.08
517.14
517.2
517.26
517.32
517.38
517.44
517.5
517.56
517.62
517.68
517.74
517.8
517.86
517.92
517.98
518.04
518.1
518.16
518.22
518.28
518.34
518.4
518.46
518.52
518.58
518.64
518.7
518.76
518.82
518.88
518.94
519
519.06
519.12
519.18
519.24
519.3
519.36
519.42
519.48
519.54
519.6
519.66
519.72
519.78
519.84
519.9
519.96
520.02
520.08
520.14
520.2
520.26
520.32
520.38
520.44
520.5
520.56
520.62
520.68
520.74
520.8
520.86
520.92
520.98
521.04
521.1
521.16
521.22
521.28
521.34
521.4
521.46
521.52
521.58
521.64
521.7
521.76
521.82
521.88
521.94
522
522.06
522.12
522.18
522.24
522.3
522.36
522.42
522.48
522.54
522.6
522.66
522.72
522.78
522.84
522.9
522.96
523.02
523.08
523.14
523.2
523.26
523.32
523.38
523.44
523.5
523.56
523.62
523.68
523.74
523.8
523.86
523.92
523.98
524.04
524.1
524.16
524.22
524.28
524.34
524.4
524.46
524.52
524.58
524.64
524.7
524.76
524.82
524.88
524.94
525
525.06
525.12
525.18
525.24
525.3
525.36
525.42
525.48
525.54
525.6
525.66
525.72
525.78
525.84
525.9
525.96
526.02
526.08
526.14
526.2
526.26
526.32
526.38
526.44
526.5
526.56
526.62
526.68
526.74
526.8
526.86
526.92
526.98
527.04
527.1
527.16
527.22
527.28
527.34
527.4
527.46
527.52
527.58
527.64
527.7
527.76
527.82
527.88
527.94
528
528.06
528.12
528.18
528.24
528.3
528.36
528.42
528.48
528.54
528.6
528.66
528.72
528.78
528.84
528.9
528.96
529.02
529.08
529.14
529.2
529.26
529.32
529.38
529.44
529.5
529.56
529.62
529.68
529.74
529.8
529.86
529.92
529.98
530.04
530.1
530.16
530.22
530.28
530.34
530.4
530.46
530.52
530.58
530.64
530.7
530.76
530.82
530.88
530.94
531
531.06
531.12
531.18
531.24
531.3
531.36
531.42
531.48
531.54
531.6
531.66
531.72
531.78
531.84
531.9
531.96
532.02
532.08
532.14
532.2
532.26
532.32
532.38
532.44
532.5
532.56
532.62
532.68
532.74
532.8
532.86
532.92
532.98
533.04
533.1
533.16
533.22
533.28
533.34
533.4
533.46
533.52
533.58
533.64
533.7
533.76
533.82
533.88
533.94
534
534.06
534.12
534.18
534.24
534.3
534.36
534.42
534.48
534.54
534.6
534.66
534.72
534.78
534.84
534.9
534.96
535.02
535.08
535.14
535.2
535.26
535.32
535.38
535.44
535.5
535.56
535.62
535.68
535.74
535.8
535.86
535.92
535.98
536.04
536.1
536.16
536.22
536.28
536.34
536.4
536.46
536.52
536.58
536.64
536.7
536.76
536.82
536.88
536.94
537
537.06
537.12
537.18
537.24
537.3
537.36
537.42
537.48
537.54
537.6
537.66
537.72
537.78
537.84
537.9
537.96
538.02
538.08
538.14
538.2
538.26
538.32
538.38
538.44
538.5
538.56
538.62
538.68
538.74
538.8
538.86
538.92
538.98
539.04
539.1
539.16
539.22
539.28
539.34
539.4
539.46
539.52
539.58
539.64
539.7
539.76
539.82
539.88
539.94
540
540.06
540.12
540.18
540.24
540.3
540.36
540.42
540.48
540.54
540.6
540.66
540.72
540.78
540.84
540.9
540.96
541.02
541.08
541.14
541.2
541.26
541.32
541.38
541.44
541.5
541.56
541.62
541.68
541.74
541.8
541.86
541.92
541.98
542.04
542.1
542.16
542.22
542.28
542.34
542.4
542.46
542.52
542.58
542.64
542.7
542.76
542.82
542.88
542.94
543
543.06
543.12
543.18
543.24
543.3
543.36
543.42
543.48
543.54
543.6
543.66
543.72
543.78
543.84
543.9
543.96
544.02
544.08
544.14
544.2
544.26
544.32
544.38
544.44
544.5
544.56
544.62
544.68
544.74
544.8
544.86
544.92
544.98
545.04
545.1
545.16
545.22
545.28
545.34
545.4
545.46
545.52
545.58
545.64
545.7
545.76
545.82
545.88
545.94
546
546.06
546.12
546.18
546.24
546.3
546.36
546.42
546.48
546.54
546.6
546.66
546.72
546.78
546.84
546.9
546.96
547.02
547.08
547.14
547.2
547.26
547.32
547.38
547.44
547.5
547.56
547.62
547.68
547.74
547.8
547.86
547.92
547.98
548.04
548.1
548.16
548.22
548.28
548.34
548.4
548.46
548.52
548.58
548.64
548.7
548.76
548.82
548.88
548.94
549
549.06
549.12
549.18
549.24
549.3
549.36
549.42
549.48
549.54
549.6
549.66
549.72
549.78
549.84
549.9
549.96
550.02
550.08
550.14
550.2
550.26
550.32
550.38
550.44
550.5
550.56
550.62
550.68
550.74
550.8
550.86
550.92
550.98
551.04
551.1
551.16
551.22
551.28
551.34
551.4
551.46
551.52
551.58
551.64
551.7
551.76
551.82
551.88
551.94
552
552.06
552.12
552.18
552.24
552.3
552.36
552.42
552.48
552.54
552.6
552.66
552.72
552.78
552.84
552.9
552.96
553.02
553.08
553.14
553.2
553.26
553.32
553.38
553.44
553.5
553.56
553.62
553.68
553.74
553.8
553.86
553.92
553.98
554.04
554.1
554.16
554.22
554.28
554.34
554.4
554.46
554.52
554.58
554.64
554.7
554.76
554.82
554.88
554.94
555
555.06
555.12
555.18
555.24
555.3
555.36
555.42
555.48
555.54
555.6
555.66
555.72
555.78
555.84
555.9
555.96
556.02
556.08
556.14
556.2
556.26
556.32
556.38
556.44
556.5
556.56
556.62
556.68
556.74
556.8
556.86
556.92
556.98
557.04
557.1
557.16
557.22
557.28
557.34
557.4
557.46
557.52
557.58
557.64
557.7
557.76
557.82
557.88
557.94
558
558.06
558.12
558.18
558.24
558.3
558.36
558.42
558.48
558.54
558.6
558.66
558.72
558.78
558.84
558.9
558.96
559.02
559.08
559.14
559.2
559.26
559.32
559.38
559.44
559.5
559.56
559.62
559.68
559.74
559.8
559.86
559.92
559.98
560.04
560.1
560.16
560.22
560.28
560.34
560.4
560.46
560.52
560.58
560.64
560.7
560.76
560.82
560.88
560.94
561
561.06
561.12
561.18
561.24
561.3
561.36
561.42
561.48
561.54
561.6
561.66
561.72
561.78
561.84
561.9
561.96
562.02
562.08
562.14
562.2
562.26
562.32
562.38
562.44
562.5
562.56
562.62
562.68
562.74
562.8
562.86
562.92
562.98
563.04
563.1
563.16
563.22
563.28
563.34
563.4
563.46
563.52
563.58
563.64
563.7
563.76
563.82
563.88
563.94
564
564.06
564.12
564.18
564.24
564.3
564.36
564.42
564.48
564.54
564.6
564.66
564.72
564.78
564.84
564.9
564.96
565.02
565.08
565.14
565.2
565.26
565.32
565.38
565.44
565.5
565.56
565.62
565.68
565.74
565.8
565.86
565.92
565.98
566.04
566.1
566.16
566.22
566.28
566.34
566.4
566.46
566.52
566.58
566.64
566.7
566.76
566.82
566.88
566.94
567
567.06
567.12
567.18
567.24
567.3
567.36
567.42
567.48
567.54
567.6
567.66
567.72
567.78
567.84
567.9
567.96
568.02
568.08
568.14
568.2
568.26
568.32
568.38
568.44
568.5
568.56
568.62
568.68
568.74
568.8
568.86
568.92
568.98
569.04
569.1
569.16
569.22
569.28
569.34
569.4
569.46
569.52
569.58
569.64
569.7
569.76
569.82
569.88
569.94
570
570.06
570.12
570.18
570.24
570.3
570.36
570.42
570.48
570.54
570.6
570.66
570.72
570.78
570.84
570.9
570.96
571.02
571.08
571.14
571.2
571.26
571.32
571.38
571.44
571.5
571.56
571.62
571.68
571.74
571.8
571.86
571.92
571.98
572.04
572.1
572.16
572.22
572.28
572.34
572.4
572.46
572.52
572.58
572.64
572.7
572.76
572.82
572.88
572.94
573
573.06
573.12
573.18
573.24
573.3
573.36
573.42
573.48
573.54
573.6
573.66
573.72
573.78
573.84
573.9
573.96
574.02
574.08
574.14
574.2
574.26
574.32
574.38
574.44
574.5
574.56
574.62
574.68
574.74
574.8
574.86
574.92
574.98
575.04
575.1
575.16
575.22
575.28
575.34
575.4
575.46
575.52
575.58
575.64
575.7
575.76
575.82
575.88
575.94
576
576.06
576.12
576.18
576.24
576.3
576.36
576.42
576.48
576.54
576.6
576.66
576.72
576.78
576.84
576.9
576.96
577.02
577.08
577.14
577.2
577.26
577.32
577.38
577.44
577.5
577.56
577.62
577.68
577.74
577.8
577.86
577.92
577.98
578.04
578.1
578.16
578.22
578.28
578.34
578.4
578.46
578.52
578.58
578.64
578.7
578.76
578.82
578.88
578.94
579
579.06
579.12
579.18
579.24
579.3
579.36
579.42
579.48
579.54
579.6
579.66
579.72
579.78
579.84
579.9
579.96
580.02
580.08
580.14
580.2
580.26
580.32
580.38
580.44
580.5
580.56
580.62
580.68
580.74
580.8
580.86
580.92
580.98
581.04
581.1
581.16
581.22
581.28
581.34
581.4
581.46
581.52
581.58
581.64
581.7
581.76
581.82
581.88
581.94
582
582.06
582.12
582.18
582.24
582.3
582.36
582.42
582.48
582.54
582.6
582.66
582.72
582.78
582.84
582.9
582.96
583.02
583.08
583.14
583.2
583.26
583.32
583.38
583.44
583.5
583.56
583.62
583.68
583.74
583.8
583.86
583.92
583.98
584.04
584.1
584.16
584.22
584.28
584.34
584.4
584.46
584.52
584.58
584.64
584.7
584.76
584.82
584.88
584.94
585
585.06
585.12
585.18
585.24
585.3
585.36
585.42
585.48
585.54
585.6
585.66
585.72
585.78
585.84
585.9
585.96
586.02
586.08
586.14
586.2
586.26
586.32
586.38
586.44
586.5
586.56
586.62
586.68
586.74
586.8
586.86
586.92
586.98
587.04
587.1
587.16
587.22
587.28
587.34
587.4
587.46
587.52
587.58
587.64
587.7
587.76
587.82
587.88
587.94
588
588.06
588.12
588.18
588.24
588.3
588.36
588.42
588.48
588.54
588.6
588.66
588.72
588.78
588.84
588.9
588.96
589.02
589.08
589.14
589.2
589.26
589.32
589.38
589.44
589.5
589.56
589.62
589.68
589.74
589.8
589.86
589.92
589.98
590.04
590.1
590.16
590.22
590.28
590.34
590.4
590.46
590.52
590.58
590.64
590.7
590.76
590.82
590.88
590.94
591
591.06
591.12
591.18
591.24
591.3
591.36
591.42
591.48
591.54
591.6
591.66
591.72
591.78
591.84
591.9
591.96
592.02
592.08
592.14
592.2
592.26
592.32
592.38
592.44
592.5
592.56
592.62
592.68
592.74
592.8
592.86
592.92
592.98
593.04
593.1
593.16
593.22
593.28
593.34
593.4
593.46
593.52
593.58
593.64
593.7
593.76
593.82
593.88
593.94
594
594.06
594.12
594.18
594.24
594.3
594.36
594.42
594.48
594.54
594.6
594.66
594.72
594.78
594.84
594.9
594.96
595.02
595.08
595.14
595.2
595.26
595.32
595.38
595.44
595.5
595.56
595.62
595.68
595.74
595.8
595.86
595.92
595.98
596.04
596.1
596.16
596.22
596.28
596.34
596.4
596.46
596.52
596.58
596.64
596.7
596.76
596.82
596.88
596.94
597
597.06
597.12
597.18
597.24
597.3
597.36
597.42
597.48
597.54
597.6
597.66
597.72
597.78
597.84
597.9
597.96
598.02
598.08
598.14
598.2
598.26
598.32
598.38
598.44
598.5
598.56
598.62
598.68
598.74
598.8
598.86
598.92
598.98
599.04
599.1
599.16
599.22
599.28
599.34
599.4
599.46
599.52
599.58
599.64
599.7
599.76
599.82
599.88
599.94
600
600.12
600.24
600.36
600.48
600.6
600.72
600.84
600.96
601.08
601.2
601.32
601.44
601.56
601.68
601.8
601.92
602.04
602.16
602.28
602.4
602.52
602.64
602.76
602.88
603
603.12
603.24
603.36
603.48
603.6
603.72
603.84
603.96
604.08
604.2
604.32
604.44
604.56
604.68
604.8
604.92
605.04
605.16
605.28
605.4
605.52
605.64
605.76
605.88
606
606.12
606.24
606.36
606.48
606.6
606.72
606.84
606.96
607.08
607.2
607.32
607.44
607.56
607.68
607.8
607.92
608.04
608.16
608.28
608.4
608.52
608.64
608.76
608.88
609
609.12
609.24
609.36
609.48
609.6
609.72
609.84
609.96
610.08
610.2
610.32
610.44
610.56
610.68
610.8
610.92
611.04
611.16
611.28
611.4
611.52
611.64
611.76
611.88
612
612.12
612.24
612.36
612.48
612.6
612.72
612.84
612.96
613.08
613.2
613.32
613.44
613.56
613.68
613.8
613.92
614.04
614.16
614.28
614.4
614.52
614.64
614.76
614.88
615
615.12
615.24
615.36
615.48
615.6
615.72
615.84
615.96
616.08
616.2
616.32
616.44
616.56
616.68
616.8
616.92
617.04
617.16
617.28
617.4
617.52
617.64
617.76
617.88
618
618.12
618.24
618.36
618.48
618.6
618.72
618.84
618.96
619.08
619.2
619.32
619.44
619.56
619.68
619.8
619.92
620.04
620.16
620.28
620.4
620.52
620.64
620.76
620.88
621
621.12
621.24
621.36
621.48
621.6
621.72
621.84
621.96
622.08
622.2
622.32
622.44
622.56
622.68
622.8
622.92
623.04
623.16
623.28
623.4
623.52
623.64
623.76
623.88
624
624.12
624.24
624.36
624.48
624.6
624.72
624.84
624.96
625.08
625.2
625.32
625.44
625.56
625.68
625.8
625.92
626.04
626.16
626.28
626.4
626.52
626.64
626.76
626.88
627
627.12
627.24
627.36
627.48
627.6
627.72
627.84
627.96
628.08
628.2
628.32
628.44
628.56
628.68
628.8
628.92
629.04
629.16
629.28
629.4
629.52
629.64
629.76
629.88
630
630.12
630.24
630.36
630.48
630.6
630.72
630.84
630.96
631.08
631.2
631.32
631.44
631.56
631.68
631.8
631.92
632.04
632.16
632.28
632.4
632.52
632.64
632.76
632.88
633
633.12
633.24
633.36
633.48
633.6
633.72
633.84
633.96
634.08
634.2
634.32
634.44
634.56
634.68
634.8
634.92
635.04
635.16
635.28
635.4
635.52
635.64
635.76
635.88
636
636.12
636.24
636.36
636.48
636.6
636.72
636.84
636.96
637.08
637.2
637.32
637.44
637.56
637.68
637.8
637.92
638.04
638.16
638.28
638.4
638.52
638.64
638.76
638.88
639
639.12
639.24
639.36
639.48
639.6
639.72
639.84
639.96
640.08
640.2
640.32
640.44
640.56
640.68
640.8
640.92
641.04
641.16
641.28
641.4
641.52
641.64
641.76
641.88
642
642.12
642.24
642.36
642.48
642.6
642.72
642.84
642.96
643.08
643.2
643.32
643.44
643.56
643.68
643.8
643.92
644.04
644.16
644.28
644.4
644.52
644.64
644.76
644.88
645
645.12
645.24
645.36
645.48
645.6
645.72
645.84
645.96
646.08
646.2
646.32
646.44
646.56
646.68
646.8
646.92
647.04
647.16
647.28
647.4
647.52
647.64
647.76
647.88
648
648.12
648.24
648.36
648.48
648.6
648.72
648.84
648.96
649.08
649.2
649.32
649.44
649.56
649.68
649.8
649.92
650.04
650.16
650.28
650.4
650.52
650.64
650.76
650.88
651
651.12
651.24
651.36
651.48
651.6
651.72
651.84
651.96
652.08
652.2
652.32
652.44
652.56
652.68
652.8
652.92
653.04
653.16
653.28
653.4
653.52
653.64
653.76
653.88
654
654.12
654.24
654.36
654.48
654.6
654.72
654.84
654.96
655.08
655.2
655.32
655.44
655.56
655.68
655.8
655.92
656.04
656.16
656.28
656.4
656.52
656.64
656.76
656.88
657
657.12
657.24
657.36
657.48
657.6
657.72
657.84
657.96
658.08
658.2
658.32
658.44
658.56
658.68
658.8
658.92
659.04
659.16
659.28
659.4
659.52
659.64
659.76
659.88
660
660.6
661.2
661.8
662.4
663
663.6
664.2
664.8
665.4
666
666.6
667.2
667.8
668.4
669
669.6
670.2
670.8
671.4
672
672.6
673.2
673.8
674.4
675
675.6
676.2
676.8
677.4
678
678.6
679.2
679.8
680.4
681
681.6
682.2
682.8
683.4
684
684.6
685.2
685.8
686.4
687
687.6
688.2
688.8
689.4
690
690.6
691.2
691.8
692.4
693
693.6
694.2
694.8
695.4
696
696.6
697.2
697.8
698.4
699
699.6
700.2
700.8
701.4
702
702.6
703.2
703.8
704.4
705
705.6
706.2
706.8
707.4
708
708.6
709.2
709.8
710.4
711
711.6
712.2
712.8
713.4
714
714.6
715.2
715.8
716.4
717
717.6
718.2
718.8
719.4
720
726
732
738
744
750
756
762
768
774
780
780.12
780.24
780.36
780.48
780.6
780.72
780.84
780.96
781.08
781.2
781.32
781.44
781.56
781.68
781.8
781.92
782.04
782.16
782.28
782.4
782.52
782.64
782.76
782.88
783
783.12
783.24
783.36
783.48
783.6
783.72
783.84
783.96
784.08
784.2
784.32
784.44
784.56
784.68
784.8
784.92
785.04
785.16
785.28
785.4
785.52
785.64
785.76
785.88
786
786.12
786.24
786.36
786.48
786.6
786.72
786.84
786.96
787.08
787.2
787.32
787.44
787.56
787.68
787.8
787.92
788.04
788.16
788.28
788.4
788.52
788.64
788.76
788.88
789
789.12
789.24
789.36
789.48
789.6
789.72
789.84
789.96
790.08
790.2
790.32
790.44
790.56
790.68
790.8
790.92
791.04
791.16
791.28
791.4
791.52
791.64
791.76
791.88
792
792.12
792.24
792.36
792.48
792.6
792.72
792.84
792.96
793.08
793.2
793.32
793.44
793.56
793.68
793.8
793.92
794.04
794.16
794.28
794.4
794.52
794.64
794.76
794.88
795
795.12
795.24
795.36
795.48
795.6
795.72
795.84
795.96
796.08
796.2
796.32
796.44
796.56
796.68
796.8
796.92
797.04
797.16
797.28
797.4
797.52
797.64
797.76
797.88
798
798.12
798.24
798.36
798.48
798.6
798.72
798.84
798.96
799.08
799.2
799.32
799.44
799.56
799.68
799.8
799.92
800.04
800.16
800.28
800.4
800.52
800.64
800.76
800.88
801
801.12
801.24
801.36
801.48
801.6
801.72
801.84
801.96
802.08
802.2
802.32
802.44
802.56
802.68
802.8
802.92
803.04
803.16
803.28
803.4
803.52
803.64
803.76
803.88
804
804.12
804.24
804.36
804.48
804.6
804.72
804.84
804.96
805.08
805.2
805.32
805.44
805.56
805.68
805.8
805.92
806.04
806.16
806.28
806.4
806.52
806.64
806.76
806.88
807
807.12
807.24
807.36
807.48
807.6
807.72
807.84
807.96
808.08
808.2
808.32
808.44
808.56
808.68
808.8
808.92
809.04
809.16
809.28
809.4
809.52
809.64
809.76
809.88
810
810.12
810.24
810.36
810.48
810.6
810.72
810.84
810.96
811.08
811.2
811.32
811.44
811.56
811.68
811.8
811.92
812.04
812.16
812.28
812.4
812.52
812.64
812.76
812.88
813
813.12
813.24
813.36
813.48
813.6
813.72
813.84
813.96
814.08
814.2
814.32
814.44
814.56
814.68
814.8
814.92
815.04
815.16
815.28
815.4
815.52
815.64
815.76
815.88
816
816.12
816.24
816.36
816.48
816.6
816.72
816.84
816.96
817.08
817.2
817.32
817.44
817.56
817.68
817.8
817.92
818.04
818.16
818.28
818.4
818.52
818.64
818.76
818.88
819
819.12
819.24
819.36
819.48
819.6
819.72
819.84
819.96
820.08
820.2
820.32
820.44
820.56
820.68
820.8
820.92
821.04
821.16
821.28
821.4
821.52
821.64
821.76
821.88
822
822.12
822.24
822.36
822.48
822.6
822.72
822.84
822.96
823.08
823.2
823.32
823.44
823.56
823.68
823.8
823.92
824.04
824.16
824.28
824.4
824.52
824.64
824.76
824.88
825
825.12
825.24
825.36
825.48
825.6
825.72
825.84
825.96
826.08
826.2
826.32
826.44
826.56
826.68
826.8
826.92
827.04
827.16
827.28
827.4
827.52
827.64
827.76
827.88
828
828.12
828.24
828.36
828.48
828.6
828.72
828.84
828.96
829.08
829.2
829.32
829.44
829.56
829.68
829.8
829.92
830.04
830.16
830.28
830.4
830.52
830.64
830.76
830.88
831
831.12
831.24
831.36
831.48
831.6
831.72
831.84
831.96
832.08
832.2
832.32
832.44
832.56
832.68
832.8
832.92
833.04
833.16
833.28
833.4
833.52
833.64
833.76
833.88
834
834.12
834.24
834.36
834.48
834.6
834.72
834.84
834.96
835.08
835.2
835.32
835.44
835.56
835.68
835.8
835.92
836.04
836.16
836.28
836.4
836.52
836.64
836.76
836.88
837
837.12
837.24
837.36
837.48
837.6
837.72
837.84
837.96
838.08
838.2
838.32
838.44
838.56
838.68
838.8
838.92
839.04
839.16
839.28
839.4
839.52
839.64
839.76
839.88
840
840.6
841.2
841.8
842.4
843
843.6
844.2
844.8
845.4
846
846.6
847.2
847.8
848.4
849
849.6
850.2
850.8
851.4
852
852.6
853.2
853.8
854.4
855
855.6
856.2
856.8
857.4
858
858.6
859.2
859.8
860.4
861
861.6
862.2
862.8
863.4
864
864.6
865.2
865.8
866.4
867
867.6
868.2
868.8
869.4
870
870.6
871.2
871.8
872.4
873
873.6
874.2
874.8
875.4
876
876.6
877.2
877.8
878.4
879
879.6
880.2
880.8
881.4
882
882.6
883.2
883.8
884.4
885
885.6
886.2
886.8
887.4
888
888.6
889.2
889.8
890.4
891
891.6
892.2
892.8
893.4
894
894.6
895.2
895.8
896.4
897
897.6
898.2
898.8
899.4
900
906
912
918
924
930
936
942
948
954
960
970
980
990
1000
1010
1020
1030
1040
1050
1060
1070
1080
1092
1104
1116
1128
1140
1152
1164
1176
1188
1200
1215
1230
1245
1260
1280
1300
1320
1350
1380
1440